1      368    1697   0.281      1.000 N1:DA:12 N3:DT:54
1      359    1695   0.285      1.000 N6:DA:12 O4:DT:54
1      393    1672   0.288      1.000 N3:DC:13 N1:DG:53
2      391    1663   0.273      1.000 N4:DC:13 O6:DG:53
2      395    1662   0.287      1.000 O2:DC:13 N2:DG:53
2      430    1632   0.281      1.000 N1:DA:14 N3:DT:52
3      421    1630   0.285      1.000 N6:DA:14 O4:DT:52
3      455    1607   0.288      1.000 N3:DC:15 N1:DG:51
4      453    1598   0.273      1.000 N4:DC:15 O6:DG:51
4      457    1597   0.287      1.000 O2:DC:15 N2:DG:51
4      1574   487    0.291      1.000 N1:DG:50 O2:DT:16
5      1565   485    0.275      1.000 O6:DG:50 N3:DT:16
5      1536   525    0.288      1.000 N3:DC:49 N1:DG:17
6      1534   516    0.273      1.000 N4:DC:49 O6:DG:17
6      1538   515    0.287      1.000 O2:DC:49 N2:DG:17
