#FF_Param BROTO

; *************************************
; ****        VEGA Parameters      ****
; ****     for Broto-Moreau logP   ****
; *************************************


; Description:
; ~~~~~~~~~~~~
; Atom type - Hydrophobic Contribution

   1    0.200
   2    0.454
   3    0.623
   4    0.021
   5    0.101
   6    0.309
   7    0.197
   8    0.259
   9    0.116
  10    0.724
  11    0.248
  12    0.049
  13   -0.606
  14   -0.578
  15    0.494
  16   -0.677
  17   -0.987
  18   -0.920
  19   -1.463
  20   -0.167
  21   -0.715
  22   -1.069
  23   -1.368
  24   -1.691
  25   -0.601
  26   -0.348
  27   -0.141
  28    0.000
  29    0.321
  30    0.828
  31    1.100
  32    0.347
  33   -0.216
  34   -0.701
  35    0.328
  36    1.509
  37    0.613
  38    0.865
  39    0.390
  40    1.115
  41    1.246
  42    0.037
  43    0.459
  44    0.630
  45   -0.049
  46    0.890
  47    1.142
  48    0.653
  49    0.809
  50   -3.335
  51   -0.688
  52    0.957
  53   -0.064
  54    0.000
  55    0.000
  56    0.289
  57    0.771
  58    1.677
  59    0.990
  60   -0.977
  61   -0.507
  62    0.202
  63    0.361
  64   -0.274
  65   -0.899
  66   -0.398
  67    0.496
  68    0.458
  69    0.654
  70   -0.629
  71    0.770
  72   -1.139
  73    0.340
  74    0.570
  75   -0.499
  76    0.121
  77    0.085
  78    0.201
  79   -0.695
  80   -0.323
  81   -0.024
  82   -0.003
  83   -0.149
  84   -0.801
  85   -0.622
  86   -0.161
  87   -0.183
  88   -0.568
  89   -1.658
  90   -0.182
;  91   -1.502
  91   -1.090
  92   -0.569
  93   -1.407
  94    0.014
  95   -0.517
  96   -0.492
  97   -0.547
  98   -0.071
  99   -0.524
 100   -0.575
 101   -0.471
 102    0.000
 103    0.165
 104   -0.295
 105   -0.159
 106   -0.823
 107    0.916
 108    1.926
 109   -0.026
 110   -0.286
 111    0.479
 112   -0.513
 113    0.074
 114   -0.019
 115   -0.460
 116   -0.165
 117   -0.385
 118    1.159
 119   -0.619
 120   -0.498
 121    0.000
 122   -0.278
 123    0.040
 124   -0.403
 125    0.964
 126    1.470
 127   -1.048
 128   -0.295
 129    0.970
 130    0.786
 131    0.814
 132   -0.573
 133    0.417
 134   -0.268
 135    1.271
 136   -0.258
 137   -0.393
 138    0.872
 139   -0.727
 140    0.000
 141   -0.083
 142    1.446
 143    0.000
 144    0.729
 145    0.151
 146   -0.204
 147    0.360
 148    0.556
 149    0.628
 150    0.000
 151    1.141
 152    1.395
 153   -0.314
 154   -1.636
 155   -1.028
 156   -0.437
 157    0.183
 158   -1.660
 159   -0.220
 160   -1.604
 161   -1.964
 162   -0.485
 163   -0.687
 164   -0.024
 165   -0.207
 166   -0.813
 167   -1.706
 168   -0.940
 169   -1.513
 170    0.425
 171   -0.718
 172    0.804
 173   -0.764
 174   -0.686
 175   -0.813
 176    0.829
 177    0.456
 178    0.825
 179   -0.827
 180   -0.922
 181   -1.165
 182    0.306
 183    0.876
 184   -2.589
 185    0.708
 186    1.280
 187    1.516
 188   -3.395
 189   -1.098
 190   -1.282
 191   -0.177
 192   -0.696
 193   -0.624
 194    0.314
 195    0.519
 196   -1.690
 197   -0.057
 198    1.564
 199   -1.962
 200   -0.704
 201   -1.108
 202    0.273
 203   -0.595
 204   -1.260
 205   -1.915
 206   -1.106
 207   -2.110
 208    2.197
 209    0.177
 210   -2.379
 211   -1.538
 212   -0.446
 213   -0.937
 214   -1.177
 215   -1.143
 216   -0.465
 217   -0.795
 218   -0.423
 219   -0.657
 220   -0.089
 221    0.261
 222    0.000

; Custom values for ammonium

 300   -3.848     ; Quaternary nitrogen
 301   -0.500     ; Hydrogen bonden to ammonia
 302   -0.250
 303    0.620
 318   -1.282     ; Guanidinium nitrogen
 319   -0.320     ; Guanidinium hydrogen
 320   -1.924     ; Protonated imidazole nitrogen
 
; Other custom values

 304   -0.420
 305    0.725     ; Methane carbon
 306   -6.000     ; Cationic metal
 307    0.100     ; Thiophene sulphur
 308    0.650     ; Thiadiazole sulphur
 310    0.095     ; Thiadiazoldione
 311   -1.740     ; -CH2-SO2-CH2-
 312   -1.053     ; N±NH±N
 313   -0.989     ; C-PO-(C±)2
 314   -1.200     ; H3C-SO2-C=
 315   -0.400     ; ±C-SO2-C=
 316   -0.710     ; C-S-N
 317   -0.040     ; =C-SO2-NR2
 321   -1.000     ; Thiolate
 322   -0.750     ; =N-NH-NH-
 323    1.650     ; Cl-CC-R
 324   -0.550     ; R-SO2-N(OR)C(=O)-R
 325    1.000     ; Car-S(-CR3)-C=
 326    1.800     ; R2C=N-S-C(R)=X
 327   -0.550     ; R2N-S(=O)-OR
 328   -1.050     ; ±C-N(H)-C(R)=X
 329    0.300     ; R2N-S(+=CR2)-N-R
 330    0.220     ; R3P
 331   -1.780     ; R2P(=O)OR
 332    0.321     ; Cl-NR2 
 333    0.500     ; R3C-N(C±N)2
 334   -0.052     ; =C-P=CR2
 335   -1.000     ; (RO)2P(=O)H
 336    1.780     ; R-P(=S)(NR2)OR
 337    0.950     ; R-P(=S)(NR2)NR2
 338   -1.250     ; R-Se(=O)-OR
 339   -1.000     ; Phosphinate
 340    1.250     ; R-Se-R
 341   -1.850     ; (RO)5P (Phosphorane)
 342   -1.000     ; R-P(=O)O (-)
 343   -1.000     ; Generic metal (Hg, Mo, Sn, V)
 344   -1.000     ; Cl(=O)=O
 345    1.000     ; RO-P(=O)(SH)SH
 346    0.800     ; Cl-Hg-R
 347   -1.500     ; RO-P(O)-OR (-)
 348   -0.500     ; R-N(+)±C(-) (Isocyanide)
 349   -1.100     ; >N-C±N
 350   -0.850     ; R=Se
 351   -1.900     ; Ph4P (+)
 352    1.000     ; SO3-S-SO3 (2-)
 353   -0.930     ; RO-P(=O)(O)-S-P(=O)(O)-OR (2-) 
 354   -1.200     ; R-N(-)C(R2)N(R)C(=O)
 355   -0.300     ; Pyrrole-C÷N
 356    0.300     ; Boron
 357    0.220     ; R-As(SR)SR
 358   -0.520     ; R-As(OR)OR
 359   -1.500     ; R2As(=O)OR
 360   -1.700     ; R2As(=O)SR
 361   -2.600     ; (RO)2As(=O)SR
 362   -3.000     ; R2NP(=O)(H)NR2
 363   -1.500     ; R2AsOH
 364   -1.000     ; R3As=O
 365   -0.500     ; R3As
 366   -1.000     ; RAs(=O)(OH)2
 367    0.150     ; NH3
 368   -2.200     ; H3AsO4
 369   -3.000     ; Quaternary phosphine
 370   -2.000     ; -C-S(=O)(=NH)-C-
 371   -0.350     ; R6S
 372    0.400     ; F-SR5

; Unknown parameters (obtained statistically)

  sX   -0.070     ; Generic atom
  sC    0.083     ; Generic carbon
  sH   -0.021     ; Generic hydrogen
  sN   -0.381     ; Generic nitrogen
  sO   -0.593     ; Generic oxygen
  sS   -0.096     ; Generic sulfur
  sP   -0.992     ; Generic phosporus
  sF    0.456     ; Generic fluorine
 sBr    0.700     ; Generic bromine
 sCl    0.593     ; Generic chlorine
  sI   -0.245     ; Generic iodine
 sSe   -0.283     ; Generic selenium
 sSi    0.200     ; Generic silicon
 sAs   -1.230     ; Generic arsenic
