#FF_Param CRIPPEN

; *************************************
; ****        VEGA Parameters      ****
; ****   for Ghose - Crippen logP  ****
; *************************************


; Description:
; ~~~~~~~~~~~~
; Atom type - Hydrophobic Contribution

  1   -0.6037
  2   -0.4295
  3   -0.3426
  4   -0.1155
  5   -1.0578
  6   -0.8188
  7   -0.1540
  8   -0.5995
  9    0.0095
 10    0.5134
 11   -0.4807
 12    0.2853
 13    0.5335
 14    1.1114
 15   -0.1654
 16   -0.1033
 17   -0.2330
 18   -0.0649
 19   -0.7814
 20    0.1734
 21    0.0859
 22    0.1335
 23    0.0000
 24   -0.0220
 25    0.1596
 26   -0.0064
 27    0.0245
 28    0.1114
 29    0.2378
 30    0.2921
 31    0.8471
 32    0.3002
 33    0.0183
 34   -0.2625
 35   -0.2959
 36   -0.1243
 37    0.3310
 38    0.5353
 39   -0.2182
 40    0.0278
 41    0.3514
 42   -0.3040
 43    0.0102
 44    0.1746
 46    0.4234
 47    0.3610
 48    0.1183
 49   -0.1573
 50   -0.2106
 51    0.1869
 52    0.3546
 53    0.2676
 54    0.3528
 55    0.0000
 56   -0.0876
 57    0.1665
 58   -0.2473
 59    0.0380
 60    0.1938
 61    1.4968
 66   -0.2577
 67    0.0266
 68    0.1680
 69   -0.0362
 70    0.0274
 71    0.5799
 72   -0.2736
 73    0.3323
 74    0.1849
 75   -0.0545
 76   -2.6143
 77   -2.6455
 78    0.5466
 81    0.4093
 82    0.1590
 83    0.1890
 84    0.5035
 85    0.2550
 86    0.9282
 87    0.4659
 88    0.4381
 89    0.9036
 90    0.5302
 91    1.0474
 92    0.5809
 93    0.5407
 94    1.1743
 95    0.8656
 96    1.4378
 97    0.0000
 98    0.0000
 99    1.7028
100    0.8654
106    0.7412
107    0.7598
108    0.2968
109   -0.2515
110    0.0425

; Custom values for ammonium

300    -3.848
301    -0.500
302    -0.250
 

