#FF_Param CRIPPEN_MR
  
; ********************************************
; ****           VEGA Parameters          ****
; **** Ghose - Crippen molar refractivity ****
; ********************************************

; Arup K. Ghose and Gordom M. Crippen
; "Atomic physicochemucal parameters for three-dimensional-structure-directed
; quantitative structure-activity relationships. 2. Modeling dispersive and
; hydrophobic interactions"
; J. Chem. Inf. Comput. Sci., Vol. 27, 1, 1987
  
; Description:
; ~~~~~~~~~~~~
; Atom type - Hydrophobic Contribution

  1  1.0330  2.3000 251  399 -0.6232
  2  1.4336  2.3071 165  372 -0.3957
  3  2.0068  2.4926  32   34 -0.2821
  4  1.8489  2.3000  11   11  0.2112
  5  2.4666  3.4006  67   97 -1.1423
  6  2.6338  3.2624 173  252 -0.9557
  7  3.1274  3.6770  15   16  0.2041
  8  2.7332  3.0137  40   45 -0.9679
  9  2.7885  3.2250  15   19  0.5335
 10  3.0075  3.2401   5    5  0.6684
 11  2.5823  2.6140  15   16 -1.1165
 12  2.7286  3.1488  16   25  1.0525
 13  2.1784  2.3010  13   16  0.5390
 14  3.1677  3.3559   4    4  1.1390
 15  2.8557  3.5071  39   45 -0.2386
 16  4.1009  4.4814  45   57 -0.0363
 17  3.7162  3.7781   7    7  0.3324
 18  3.6247  3.6211  11   11 -0.3295
 19  4.4024  4.4310  14   16 -0.4739
 20  1.9708  3.2000   8   12 -0.2407
 21  3.1472  3.4161  12   13  0.1922
 22  4.2943  4.3043  18   23  0.1517
 23  3.2593  3.4905   7    7  0.0000
 24  3.0745  3.4127 184  834 -0.0447
 25  4.3404  4.3725 105  132  0.3301
 26  3.7428  3.8182  98  144 -0.1244
 27  1.3896  2.5001  14   16  0.0571
 28  1.3044  2.5000  15   16  0.2218
 29  1.6607  2.7967   4    4 -0.1456
 30  1.0000  2.5000   1    1 -0.1179
 
 32  1.0001  2.5000   1    3  0.0740
 33  3.1193  3.4372  19   22  0.0117
 34  3.7755  3.4494  14   15  0.1381
 35  2.7215  3.1048   4    5 -0.2710
 36  3.3750  3.8251  15   15  0.1671
 37  4.0211  4.5401  15   15 -0.0909
 38  3.3265  3.7529  15   16 -0.6828
 39  3.8103  4.1288   8    8 -0.4963
 40  2.3957  2.7938 112  138 -0.4672
 41  1.8242  2.4165  13   13 -0.2992
 42  2.0234  3.0606   6    6 -0.6503
 43  1.0004  2.5001   5    5 -0.2786
 44  1.0006  2.5001   2    2 -0.2992

 46  1.5903  1.1461 270 1695  0.4283
 47  1.1616  0.8000 389 1773  0.3607
 48  1.0309  0.8006  69   95 -0.0069
 49  1.0001  0.8001  55   61 -0.2539
 50  1.0001  0.8000 104  145 -0.4001
 51  1.4647  1.0026 113  330  0.2271

 56  1.1231  1.4430  21   23  0.0101
 57  1.2847  1.4090  30   35  0.5624
 58  1.8485  1.6506 169  202  0.1230
 59  1.0000  1.2000  30   44  0.1017
 60  1.8787  1.8434 115  145  0.3914
 61  1.0005  1.6001  21   45  1.8239

 66  1.8396  2.5001  10   11  0.3562
 67  1.5242  2.5001   9    9  0.3712
 68  2.1094  2.5377   8    8  0.4886
 69  3.1442  3.6195   9   12  0.5128
 70  2.6774  2.9832   8    8  1.1484
 71  3.8031  3.9733  10   11  0.7387
 72  2.8495  3.0059  16   17  0.2160
 73  2.4082  2.6295   7    7  0.4777
 74  3.3952  3.1464  27   29  0.1989
 75  6.2666  4.5123  24   27  0.1605
 76  5.9990  4.7725  15   17 -3.1845
 77  3.9660  3.0389   6    6 -3.3406
 78  3.4136  3.6838  11   14 -0.1367

 81  1.0001  0.8060   8    8  0.4929
 82  1.0001  0.8000   7   32 -0.1394
 83  1.4160  1.3484   7   28  0.1457
 84  1.0001  0.8000  21   34  0.6128
 85  2.2548  1.6440   6   12  0.4989
 86  5.2233  5.3647  22   27  1.1021
 87  5.7784  5.6484  16   28  0.3333
 88  5.7328  5.6858  11   32  0.4402
 89  4.6108  5.0000  26   29  1.0372
 90  6.4057  5.9312  28   37  0.7220
 91  8.2314  8.3379  21   25  1.1263
 92  8.6483  8.5393  10   21  0.4640
 93  8.9016  8.8635   3    9  0.0000
 94  8.0271  8.0866  14   14  1.3343
 95  9.2260  9.0569   9    9  1.0137
 96 13.5880 13.7535   7    8  1.4608
 97 13.6990 13.6306   4    7  0.0000
 98 13.4388 13.4586   3    3  0.0000
 99 12.8225 12.8876   5    5  1.8362
100 13.6716 13.5530   1    1  1.0859

106  7.4314  7.7751   9   10  1.1181
107  7.5003  7.3151  18   20  1.0769
108  9.4004  9.2916   6    7  0.3726
109  4.6036  5.3957   7    7 -0.5594
110  4.4935  5.4662   8    8 -0.6864

; Sp3 charged nitrogens 

366  0.8395  1.7001  10   11  0.3562
367  0.5241  1.7001   9    9  0.3712
368  1.1093  1.7377   8    8  0.4886
