#TemplateCharge EQeq

; ****************************é********
; ****        VEGA Template        ****
; **** EQeq parameters for charges ****
; *************************************


; Ref. Phys. Chem. Lett. 2012, 3, 17, 2506-2511

; Num   Symbol   Charge   Affinity   Ionizations
; =========================================================================================================
  1     H          0       0.75420    13.598   -1.000   -1.000   -1.000   -1.000   -1.000   -1.000   -1.000
  2     He         0       0.00000    24.587   54.416   -1.000   -1.000   -1.000   -1.000   -1.000   -1.000
  3     Li         1       0.61805     5.392   75.638  122.451   -1.000   -1.000   -1.000   -1.000   -1.000
  4     Be         2       0.00000     9.322   18.211  153.893  217.713   -1.000   -1.000   -1.000   -1.000
  5     B          0       0.27972     8.298   25.154   37.930  259.368  340.217   -1.000   -1.000   -1.000
  6     C          0       1.26212    11.260   24.383   47.887   64.492  392.077  489.981   -1.000   -1.000
  7     N          0      -0.07000    14.534   29.601   47.448   77.472   97.888  552.057  667.029   -1.000
  8     O          0       1.46111    13.618   35.116   54.934   77.412  113.896  138.116  739.315  871.387
  9     F          0       3.40119    17.422   34.970   62.707   87.138  114.240  157.161  185.182  953.886
  10    Ne         0       0.00000    21.564   40.962   63.450   97.110  126.210  157.930  207.270  239.090
  11    Na         1       0.54793     5.139   47.286   71.640   98.910  138.390  172.150  208.470  264.180
  12    Mg         2       0 7.646    15.035   80.143  109.240  141.260  186.500  224.940  265.900   -1.000
  13    Al         3       0.43283     5.986   18.828   28.447  119.990  153.710  190.470  241.430  284.590
  14    Si         0       1.38952     8.151   16.345   33.492   45.141  166.770  205.050  246.520  303.170
  15    P          0       0.74650    10.458   19.725   30.180   51.370   65.023  220.430  263.220  309.410
  16    S          0       2.07710    10.360   23.330   34.830   47.300   72.680   88.049  280.930  328.230
  17    Cl         0       3.61272    12.967   23.810   39.610   53.460   67.800   97.030  114.193  348.280
  18    Ar         0       0.00000    15.759   27.629   40.740   59.810   75.020   91.007  124.319  143.456
  19    K          1       0.50146     4.341   31.625   45.720   60.910   82.660  100.000  117.560  154.860
  20    Ca         2       0.02455     6.113   11.871   50.908   67.100   84.410  108.780  127.700  147.240
  21    Sc         3       0.18800     6.540   12.800   24.760   73.470   91.660  111.100  138.000  158.700
  22    Ti         3       0.08400     6.820   13.580   27.491   43.266   99.220  119.360  140.800  168.500
  23    V          3       0.52500     6.740   14.650   29.310   46.707   65.230  128.120  150.170  173.700
  24    Cr         2       0.67584     6.766   16.500   30.960   49.100   69.300   90.560  161.100  184.700
  25    Mn         2       0.00000     7.435   15.640   33.667   51.200   72.400   95.000  119.270  196.460
  26    Fe         3       0.15100     7.870   16.180   30.651   54.800   75.000   99.000  125.000  151.060
  27    Co         2       0.66330     7.860   17.060   33.500   51.300   79.500  102.000  129.000  157.000
  28    Ni         2       1.15716     7.635   18.168   35.170   54.900   75.500  108.000  133.000  162.000
  29    Cu         2       1.23578     7.726   20.292   36.830   55.200   79.900  103.000  139.000  166.000
  30    Zn         2       0.00000     9.394   17.964   39.722   59.400   82.600  108.000  134.000  174.000
  31    Ga         3       0.41000     5.999   20.510   30.710   64.000   -1.000   -1.000   -1.000   -1.000
  32    Ge         4       1.23271     7.899   15.934   34.220   45.710   93.500   -1.000   -1.000   -1.000
  33    As         0       0.81400     9.810   18.633   28.351   50.130   62.630  127.600   -1.000   -1.000
  34    Se         0       2.02070     9.752   21.190   30.820   42.944   68.300   81.700  155.400   -1.000
  35    Br         0       3.36359    11.814   21.800   36.000   47.300   59.700   88.600  103.000  192.800
  36    Kr         0       0.00000    13.999   24.359   36.950   52.500   64.700   18.500  111.000  126.000
  37    Rb         1       0.48592     4.177   27.280   40.000   52.600   71.000   84.400   99.200  136.000
  38    Sr         2       0.05206     5.695   11.030   43.600   57.000   71.600   90.800  106.000  122.300
  39    Y          3       0.30700     6.380   12.240   20.520   61.800   77.000   93.000  116.000  129.000
  40    Zr         4       0.42600     6.840   13.130   22.990   34.340   81.500   -1.000   -1.000   -1.000
  41    Nb         5       0.89300     6.880   14.320   25.040   38.300   50.550  102.600  125.000   -1.000
  42    Mo         6       0.74720     7.099   16.150   27.160   46.400   61.200   68.000  126.800  153.000
  43    Tc         7       0.55000     7.280   15.260   29.540   -1.000   -1.000   -1.000   -1.000   -1.000 
  44    Ru         3       1.04638     7.370   16.760   28.470   -1.000   -1.000   -1.000   -1.000   -1.000 
  45    Rh         3       1.14289     7.460   18.080   31.060   -1.000   -1.000   -1.000   -1.000   -1.000 
  46    Pd         2       0.56214     8.340   19.430   32.930   -1.000   -1.000   -1.000   -1.000   -1.000 
  47    Ag         1       1.30447     7.576   21.490   34.830   -1.000   -1.000   -1.000   -1.000   -1.000 
  48    Cd         2       0.00000     8.993   16.908   37.480   -1.000   -1.000   -1.000   -1.000   -1.000 
  49    In         3       0.40400     5.786   18.869   28.030   54.000   -1.000   -1.000   -1.000   -1.000 
  50    Sn         4       1.11207     7.344   14.632   30.502   40.734   72.280   -1.000   -1.000   -1.000 
  51    Sb         3       1.04740     8.641   16.530   25.300   44.200   56.000  108.000   -1.000   -1.000 
  52    Te         0       1.97088     9.009   18.600   27.960   37.410   58.750   70.700  137.000   -1.000 
  53    I          0       3.05904    10.451   19.131   33.000   -1.000   -1.000   -1.000   -1.000   -1.000 
  54    Xe         0       0.00000    12.130   21.210   32.100   -1.000   -1.000   -1.000   -1.000   -1.000 
  55    Cs         1       0.47163     3.894   25.100   -1.000   -1.000   -1.000   -1.000   -1.000   -1.000 
  56    Ba         2       0.14462     5.212   10.004   -1.000   -1.000   -1.000   -1.000   -1.000   -1.000 
  57    La         3       0.47000     5.577   11.060   19.175   -1.000   -1.000   -1.000   -1.000   -1.000 
  58    Ce         3       0.70000     5.470   10.850   20.200   36.720   -1.000   -1.000   -1.000   -1.000 
  59    Pr         3       0.50000     5.420   10.550   21.620   38.950   57.450   -1.000   -1.000   -1.000 
  60    Nd         3       0.50000     5.490   10.720   -1.000   -1.000   -1.000   -1.000   -1.000   -1.000 
  61    Pm         3       0.50000     5.550   10.900   -1.000   -1.000   -1.000   -1.000   -1.000   -1.000 
  62    Sm         3       0.50000     5.630   11.070   -1.000   -1.000   -1.000   -1.000   -1.000   -1.000 
  63    Eu         3       0.50000     5.670   11.250   -1.000   -1.000   -1.000   -1.000   -1.000   -1.000 
  64    Gd         3       0.50000     6.140   12.100   -1.000   -1.000   -1.000   -1.000   -1.000   -1.000 
  65    Tb         3       0.50000     5.850   11.520   -1.000   -1.000   -1.000   -1.000   -1.000   -1.000 
  66    Dy         3       0.50000     5.930   11.670   -1.000   -1.000   -1.000   -1.000   -1.000   -1.000 
  67    Ho         3       0.50000     6.020   11.800   -1.000   -1.000   -1.000   -1.000   -1.000   -1.000 
  68    Er         3       0.50000     6.100   11.930   -1.000   -1.000   -1.000   -1.000   -1.000   -1.000 
  69    Tm         3       0.50000     6.180   12.050   23.710   -1.000   -1.000   -1.000   -1.000   -1.000 
  70    Yb         3       0.50000     6.254   12.170   25.200   -1.000   -1.000   -1.000   -1.000   -1.000 
  71    Lu         3       0.50000     5.426   13.900   -1.000   -1.000   -1.000   -1.000   -1.000   -1.000 
  72    Hf         4       0 70000    14.900   23.300   33.300   -1.000   -1.000   -1.000   -1.000   -1.000 
  73    Ta         5       0.32200     7.890   -1.000   -1.000   -1.000   -1.000   -1.000   -1.000   -1.000 
  74    W          6       0.81500     7.980   -1.000   -1.000   -1.000   -1.000   -1.000   -1.000   -1.000 
  75    Re         7       0.01500     7.880   -1.000   -1.000   -1.000   -1.000   -1.000   -1.000   -1.000 
  76    Os         4       1.07780     8.700   -1.000   -1.000   -1.000   -1.000   -1.000   -1.000   -1.000 
  77    Ir         4       1.56436     9.100   -1.000   -1.000   -1.000   -1.000   -1.000   -1.000   -1.000 
  78    Pt         4       2.12510     9.000   18.563   -1.000   -1.000   -1.000   -1.000   -1.000   -1.000 
  79    Au         3       2.30861     9.225   20.500   -1.000   -1.000   -1.000   -1.000   -1.000   -1.000 
  80    Hg         2       0.00000    10.437   18.756   34.200   -1.000   -1.000   -1.000   -1.000   -1.000 
  81    Tl         1       0.37700     6.108   20.428   29.830   -1.000   -1.000   -1.000   -1.000   -1.000 
  82    Pb         2       0.36400     7.416   15.032   31.937   42.320   68.800   -1.000   -1.000   -1.000 
  83    Bi         3       0.94236     7.289   16.690   25.560   45.300   56.000   88.300   -1.000   -1.000 
  84    Po         2       1.90000     8.420   -1.000   -1.000   -1.000   -1.000   -1.000   -1.000   -1.000 
