#Isotopes

; *************************************
; ****        VEGA Parameters      ****
; ****  Isotopic composition table ****
; *************************************

; Isotope      Mass         Isotopic composition
; ==============================================

1   H     1    1.0078250321   99.988500
          2    2.0141017780    0.011500
          3    3.0160492675    0.000000

2   He    3    3.0160293097    0.000137
          4    4.0026032497   99.999863

3   Li    6    6.0151223000    7.590000
          7    7.0160040000   92.410000

4   Be    9    9.0121821000  100.000000

5   B    10   10.0129370000   19.900000
         11   11.0093055000   80.100000

6   C    12   12.0000000000   98.930000
         13   13.0033548378    1.070000
         14   14.0032419880    0.000000

7   N    14   14.0030740052   99.632000
         15   15.0001088984    0.368000

8   O    16   15.9949146221   99.757000
         17   16.9991315000    0.038000
         18   17.9991604000    0.205000

9   F    19   18.9984032000  100.000000

10  Ne   20   19.9924401759   90.480000
         21   20.9938467400   0.2700000
         22   21.9913855100   9.2500000

11  Na   23   22.9897696700 100.0000000

12  Mg   24   23.9850419000  78.9900000
         25   24.9858370200  10.0000000
         26   25.9825930400  11.0100000

13  Al   27   26.9815384400 100.0000000

14  Si   28   27.9769265327  92.2297000
         29   28.9764947200  4.68320000
         30   29.9737702200  3.08720000

15  P    31   30.9737615100 100.0000000

16  S    32   31.9720706900  94.9300000
         33   32.9714585000   0.7600000
         34   33.9678668300   4.2900000
         36   35.9670808800   0.0200000

17  Cl   35   34.9688527100  75.7800000
         37   36.9659026000  24.2200000

18  Ar   36   35.9675462800   0.3365000
         38   37.9627322000   0.0632000
         40   39.9623831230  99.6003000

19  K    39   38.9637069000  93.2581000
         40   39.9639986700   0.0117000
         41   40.9618259700   6.7302000

20  Ca   40   39.9625912000  96.9410000
         42   41.9586183000   0.6470000
         43   42.9587668000   0.1350000
         44   43.9554811000   2.0860000
         46   45.9536928000   0.0040000
         48   47.9525340000   0.1870000

21  Sc   45   44.9559102000 100.0000000

22  Ti   46   45.9526295000   8.2500000
         47   46.9517638000   7.4400000
         48   47.9479471000  73.7200000
         49   48.9478708000   5.4100000
         50   49.9447921000   5.1800000

23  V    50   49.9471628000   0.2500000
         51   50.9439637000  99.7500000

24  Cr   50   49.9460496000   4.3450000
         52   51.9405119000  83.7890000
         53   52.9406538000   9.5010000
         54   53.9388849000   2.3650000

25  Mn   55   54.9380496000 100.0000000

26  Fe   54   53.9396148000   5.8450000
         56   55.9349421000  91.7540000
         57   56.9353987000   2.1190000
         58   57.9332805000   0.2820000

27  Co   59   58.9332002000 100.0000000

28  Ni   58   57.9353479000  68.0769000
         60   59.9307906000  26.2231000
         61   60.9310604000   1.1399000
         62   61.9283488000   3.6345000
         64   63.9279696000   0.9256000

29  Cu   63   62.9296011000  69.1700000
         65   64.9277937000  30.8300000

30  Zn   64   63.9291466000  48.6300000
         66   65.9260368000  27.9000000
         67   66.9271309000   4.1000000
         68   67.9248476000  18.7500000
         70   69.9253250000   0.6200000

31  Ga   69   68.9255810000  60.1080000
         71   70.9247050000  39.8920000

32  Ge   70   69.9242504000  20.8400000
         72   71.9220762000  27.5400000
         73   72.9234594000   7.7300000
         74   73.9211782000  36.2800000
         76   75.9214027000   7.6100000

33  As   75   74.9215964000 100.0000000

34  Se   74   73.9224766000   0.8900000
         76   75.9192141000   9.3700000
         77   76.9199146000   7.6300000
         78   77.9173095000  23.7700000
         80   79.9165218000  49.6100000
         82   81.9167000000   8.7300000

35  Br   79   78.9183376000  50.6900000
         81   80.9162910000  49.3100000

36  Kr   78   77.9203860000   0.3500000
         80   79.9163780000   2.2800000
         82   81.9134846000  11.5800000
         83   82.9141360000  11.4900000
         84   83.9115070000  57.0000000
         86   85.9106103000  17.3000000

37  Rb   85   84.9117893000  72.1700000
         87   86.9091835000  27.8300000

38  Sr   84   83.9134250000   0.5600000
         86   85.9092624000   9.8600000
         87   86.9088793000   7.0000000
         88   87.9056143000  82.5800000

39  Y    89   88.9058479000 100.0000000

40  Zr   90   89.9047037000  51.4500000
         91   90.9056450000  11.2200000
         92   91.9050401000  17.1500000
         94   93.9063158000  17.3800000
         96   95.9082760000   2.8000000

41  Nb   93   92.9063775000 100.0000000

42  Mo   92   91.9068100000  14.8400000
         94   93.9050876000   9.2500000
         95   94.9058415000  15.9200000
         96   95.9046789000  16.6800000
         97   96.9060210000   9.5500000
         98   97.9054078000  24.1300000
        100   99.9074770000   9.6300000

43  Tc   97   96.9063650000   0.0000000
         98   97.9072160000   0.0000000
         99   98.9062546000   0.0000000

44  Ru   96   95.9075980000   5.5400000
         98   97.9052870000   1.8700000
         99   98.9059393000  12.7600000
        100   99.9042197000  12.6000000
        101  100.9055822000  17.0600000
        102  101.9043495000  31.5500000
        104  103.9054300000  18.6200000

45  Rh  103  102.9055040000 100.0000000

46  Pd  102  101.9056080000   1.0200000
        104  103.9040350000  11.1400000
        105  104.9050840000  22.3300000
        106  105.9034830000  27.3300000
        108  107.9038940000  26.4600000
        110  109.9051520000  11.7200000

47  Ag  107  106.9050930000  51.8390000
        109  108.9047560000  48.1610000

48  Cd  106  105.9064580000   1.2500000
        108  107.9041830000   0.8900000
        110  109.9030060000  12.4900000
        111  110.9041820000  12.8000000
        112  111.9027572000  24.1300000
        113  112.9044009000  12.2200000
        114  113.9033581000  28.7300000
        116  115.9047550000   7.4900000

49  In  113  112.9040610000   4.2900000
        115  114.9038780000  95.7100000

50  Sn  112  111.9048210000   0.9700000
        114  113.9027820000   0.6600000
        115  114.9033460000   0.3400000
        116  115.9017440000  14.5400000
        117  116.9029540000   7.6800000
        118  117.9016060000  24.2200000
        119  118.9033090000   8.5900000
        120  119.9021966000  32.5800000
        122  121.9034401000   4.6300000
        124  123.9052746000   5.7900000

51  Sb  121  120.9038180000  57.2100000
        123  122.9042157000  42.7900000

52  Te  120  119.9040200000   0.0900000
        122  121.9030471000   2.5500000
        123  122.9042730000   0.8900000
        124  123.9028195000   4.7400000
        125  124.9044247000   7.0700000
        126  125.9033055000  18.8400000
        128  127.9044614000  31.7400000
        130  129.9062228000  34.0800000

53  I   127  126.9044680000 100.0000000

54  Xe  124  123.9058958000   0.0900000
        126  125.9042690000   0.0900000
        128  127.9035304000   1.9200000
        129  128.9047795000  26.4400000
        130  129.9035079000   4.0800000
        131  130.9050819000  21.1800000
        132  131.9041545000  26.8900000
        134  133.9053945000  10.4400000
        136  135.9072200000   8.8700000

55  Cs  133  132.9054470000 100.0000000

56  Ba  130  129.9063100000   0.1060000
        132  131.9050560000   0.1010000
        134  133.9045030000   2.4170000
        135  134.9056830000   6.5920000
        136  135.9045700000   7.8540000
        137  136.9058210000  11.2320000
        138  137.9052410000  71.6980000

57  La  138  137.9071070000   0.0900000
        139  138.9063480000  99.9100000

58  Ce  136  135.9071400000   0.1850000
        138  137.9059860000   0.2510000
        140  139.9054340000  88.4500000
        142  141.9092400000  11.1140000

59  Pr  141  140.9076480000 100.0000000

60  Nd  142  141.9077190000  27.2000000
        143  142.9098100000  12.2000000
        144  143.9100830000  23.8000000
        145  144.9125690000   8.3000000
        146  145.9131120000  17.2000000
        148  147.9168890000   5.7000000
        150  149.9208870000   5.6000000

61  Pm  145  144.9127440000   0.0000000
        147  146.9151340000   0.0000000

62  Sm  144  143.9119950000   3.0700000
        147  146.9148930000  14.9900000
        148  147.9148180000  11.2400000
        149  148.9171800000  13.8200000
        150  149.9172710000   7.3800000
        152  151.9197280000  26.7500000
        154  153.9222050000  22.7500000

63  Eu  151  150.9198460000  47.8100000
        153  152.9212260000  52.1900000

64  Gd  152  151.9197880000   0.2000000
        154  153.9208620000   2.1800000
        155  154.9226190000  14.8000000
        156  155.9221200000  20.4700000
        157  156.9239570000  15.6500000
        158  157.9241010000  24.8400000
        160  159.9270510000  21.8600000

65  Tb  159  158.9253430000 100.0000000

66  Dy  156  155.9242780000   0.0600000
        158  157.9244050000   0.1000000
        160  159.9251940000   2.3400000
        161  160.9269300000  18.9100000
        162  161.9267950000  25.5100000
        163  162.9287280000  24.9000000
        164  163.9291710000  28.1800000

67  Ho  165  164.9303190000 100.0000000

68  Er  162  161.9287750000   0.1400000
        164  163.9291970000   1.6100000
        166  165.9302900000  33.6100000
        167  166.9320450000  22.9300000
        168  167.9323680000  26.7800000
        170  169.9354600000  14.9300000

69  Tm  169  168.9342110000 100.0000000

70  Yb  168  167.9338940000   0.1300000
        170  169.9347590000   3.0400000
        171  170.9363220000  14.2800000
        172  171.9363777000  21.8300000
        173  172.9382068000  16.1300000
        174  173.9388581000  31.8300000
        176  175.9425680000  12.7600000

71  Lu  175  174.9407679000  97.4100000
        176  175.9426824000   2.5900000

72  Hf  174  173.9400400000   0.1600000
        176  175.9414018000   5.2600000
        177  176.9432200000  18.6000000
        178  177.9436977000  27.2800000
        179  178.9458151000  13.6200000
        180  179.9465488000  35.0800000

73  Ta  180  179.9474660000   0.0120000
        181  180.9479960000  99.9880000

74  W   180  179.9467060000   0.1200000
        182  181.9482060000  26.5000000
        183  182.9502245000  14.3100000
        184  183.9509326000  30.6400000
        186  185.9543620000  28.4300000

75  Re  185  184.9529557000  37.4000000
        187  186.9557508000  62.6000000

76  Os  184  183.9524910000   0.0200000
        186  185.9538380000   1.5900000
        187  186.9557479000   1.9600000
        188  187.9558360000  13.2400000
        189  188.9581449000  16.1500000
        190  189.9584450000  26.2600000
        192  191.9614790000  40.7800000

77  Ir  191  190.9605910000  37.3000000
        193  192.9629240000  62.7000000

78  Pt  190  189.9599300000   0.0140000
        192  191.9610350000   0.7820000
        194  193.9626640000  32.9670000
        195  194.9647740000  33.8320000
        196  195.9649350000  25.2420000
        198  197.9678760000   7.1630000

79  Au  197  196.9665520000 100.0000000

80  Hg  196  195.9658150000   0.1500000
        198  197.9667520000   9.9700000
        199  198.9682620000  16.8700000
        200  199.9683090000  23.1000000
        201  200.9702850000  13.1800000
        202  201.9706260000  29.8600000
        204  203.9734760000   6.8700000

81  Tl  203  202.972329000   29.5240000
        205  204.974412000   70.4760000

82  Pb  204  203.973029000    1.4000000
        206  205.974449000   24.1000000
        207  206.975881000   22.1000000
        208  207.976636000   52.4000000

83  Bi  209  208.980383000  100.0000000

84  Po  209  208.982416000    0.0000000
        210  209.982857000    0.0000000

85  At  210  209.987131000    0.0000000
        211  210.987481000    0.0000000

86  Rn  211  210.990585000    0.0000000
        220  220.011384100    0.0000000
        222  222.017570500    0.0000000

87  Fr  223  223.019730700    0.0000000

88  Ra  223  223.018497000    0.0000000
        224  224.020202000    0.0000000
        226  226.025402600    0.0000000
        228  228.031064100    0.0000000

89  Ac  227  227.027747000    0.0000000

90  Th  230  230.033126600    0.0000000
        232  232.038050400  100.0000000

91  Pa  231  231.035878900  100.0000000

92  U   233  233.039628000    0.0000000
        234  234.040945600    0.0055000
        235  235.043923100    0.7200000
        236  236.045561900    0.0000000
        238  238.050782600   99.2745000

93  Np  237  237.048167300    0.0000000
        239  239.052931400    0.0000000

94  Pu  238  238.049553400    0.0000000
        239  239.052156500    0.0000000
        240  240.053807500    0.0000000
        241  241.056845300    0.0000000
        242  242.058736800    0.0000000
        244  244.064198000    0.0000000

95  Am  241  241.056822900    0.0000000
        243  243.061372700    0.0000000

96  Cm  243  243.061382200    0.0000000
        244  244.062746300    0.0000000
        245  245.065485600    0.0000000
        246  246.067217600    0.0000000
        247  247.070347000    0.0000000
        248  248.072342000    0.0000000

97  Bk  247  247.070299000    0.0000000
        249  249.074980000    0.0000000

98  Cf  249  249.074847000    0.0000000
        250  250.076400000    0.0000000
        251  251.079580000    0.0000000
        252  252.081620000    0.0000000

99  Es  252  252.082970000    0.0000000

100 Fm  257  257.095099000    0.0000000

101 Md  256  256.094050000    0.0000000
        258  258.098425000    0.0000000

102 No  259  259.101020000    0.0000000

103 Lr  262  262.109690000    0.0000000

104 Rf  261  261.108750000    0.0000000

105 Db  262  262.114150000    0.0000000

106 Sg  266  266.121930000    0.0000000

107 Bh  264  264.124730000    0.0000000

108 Hs  277  277.000000000    0.0000000

109 Mt  268  268.138820000    0.0000000

110 Uun 281  281.000000000    0.0000000

111 Uuu 272  272.153480000    0.0000000

112 Uub 285  285.000000000    0.0000000

114 Uuq 289  289.000000000    0.0000000

116 Uuh 292  292.000000000    0.0000000
