#FF_Param LOGS

; *************************************
; ****        VEGA Parameters      ****
; ****     for logS calculation    ****
; *************************************


; Description:
; ~~~~~~~~~~~~
; Atom type - Hydrophobic Contribution

; Type   Occurence   Contrib 1   Occurence   Contrib 2
; ====================================================
   1        199        0.277        301        0.273
   2         22       -0.045         36       -0.099
   3        549       -0.392        838       -0.409
   4         63        0.254         86        0.205
   5        203       -0.067        307       -0.059
   6          8        0.101         12        0.184
   7        213       -0.089        303       -0.052
   8         65       -0.314         97       -0.179
   9        766       -0.307       1136       -0.334
  10        131        0.180        191        0.183
  11         79        0.061        107        0.051
  12        244       -0.075        362       -0.094
  13         99       -0.066        157       -0.003
  14         11        0.017         18        0.105
  15         87       -0.149        135       -0.216
  16         54       -0.025         91        0.113
  17        238       -0.231        377       -0.201
  18        147       -0.368        211       -0.339
  19         30       -0.553         52       -0.526
  20         65       -0.477        113       -0.491
  21        111        0.216        179        0.206
  22         38       -0.126         53       -0.227
  23        152       -0.323        244       -0.332
  24        112       -0.302        188       -0.275
  25         23       -0.420         25       -0.419
  26        331       -0.964        482       -0.950
  27        133       -0.915        217       -0.868
  28         26       -0.379         39       -0.407
  29         23       -0.227         34       -0.324
  30       2494       -0.310       3667       -0.307
  31        124       -0.021        167       -0.107
  32         25       -0.431         37       -0.602
  33          8        0.301         13       -0.206
  34         56       -1.022         78       -1.180
  35        139       -0.481        207       -0.416
  36        622       -0.226        940       -0.226
  37        292       -0.700        429       -0.719
  38        551       -0.359        816       -0.383
  39         69       -0.791        109       -0.856
  40         99        0.564        154        0.460
  41        300        0.332        454        0.303
  42        155       -0.306        239       -0.332
  43        111       -0.246        163       -0.239
  44         47       -0.299         73       -0.295
  45        419        0.533        616        0.535
  46        104        0.398        166        0.370
  47         16       -0.561         29       -0.082
  48         98       -1.083        137       -0.092
  49         21       -1.245         65       -0.690
  50        127        0.200        185        0.205
  51         82       -0.025        108       -0.047
  52         42       -0.129         66       -0.122
  53          5        0.078          6        0.006
  54         57        0.436         93        0.166
  55          8        0.447         11        0.210
  56         85       -0.387        125       -0.481
  57         35       -0.026         44       -0.042
  58         69        0.327         94        0.451
  59        147        0.064        204        0.196
  60         31       -0.182         49       -0.068
  61         20       -0.293         29       -0.245
  62         12        0.255         17        0.166
  63         28       -0.223         53       -0.139
  64          4       -0.436          6       -0.645
  65         49       -1.080         85       -1.118
  66         22       -0.905         35       -0.696
  67         50        1.802         68       -0.109
  68         10        1.578         26        0.510
  69         49       -0.332         73       -0.293
  70        127       -0.657        245       -0.705
  71         24       -1.006         39       -0.993
  72          7       -1.886          9       -1.771
  73         14       -0.436         23       -0.438
  74        322       -0.954        472       -0.964
  75         18       -1.276         28       -1.312
  76         15       -1.631         20       -1.514
  78        997       -0.253       1497       -0.230
